image: lab320.pgm
resolution: 0.050000
origin: [-3.773853, -3.108788, 0.000000]
negate: 0
occupied_thresh: 0.65
free_thresh: 0.196

