image: nuri3.pgm
resolution: 0.050000
origin: [-13.469160, -2.649055, 0.000000]
negate: 0
occupied_thresh: 0.65
free_thresh: 0.196

